Motor ID's for belt
	front
		0
	1		7
2				6
	3		5
		4
	back

Rotation counter clock wise
0=80,125,255,125,80,0,0,0,0,0,0,0&1=0,80,125,255,125,80,0,0,0,0,0,0&2=0,0,80,125,255,125,80,0,0,0,0,0&3=0,0,0,80,125,255,125,80,0,0,0,0&4=0,0,0,0,80,125,255,125,80,0,0,0&5=0,0,0,0,0,80,125,255,125,80,0,0&6=0,0,0,0,0,0,80,125,255,125,80,0&7=0,0,0,0,0,0,0,80,125,255,125,80

Rotation clock wise
7=80,125,255,125,80,0,0,0,0,0,0,0&6=0,80,125,255,125,80,0,0,0,0,0,0&5=0,0,80,125,255,125,80,0,0,0,0,0&4=0,0,0,80,125,255,125,80,0,0,0,0&3=0,0,0,0,80,125,255,125,80,0,0,0&2=0,0,0,0,0,80,125,255,125,80,0,0&1=0,0,0,0,0,0,80,125,255,125,80,0&0=0,0,0,0,0,0,0,80,125,255,125,80

doubble right - doubble left
2=0,0,0,0,255,0,255&6=255,0,255

full right
7=255,100,255,100,255&6=255,100,255,100,255&5=255,100,255,100,255

full left
1=255,100,255,100,255&2=255,100,255,100,255&3=255,100,255,100,255

to the front right
0=0,77,88,88,88&7=77,88,255,255,255&6=0,77,88,88,88

to the front left
0=0,77,88,88,88&1=77,88,255,255,255&2=0,77,88,88,88

front to back
0=125,255,125,0,0,0,0,0,0,0&1=0,125,255,125,0,0,0,0,0,0&7=0,125,255,125,0,0,0,0,0,0&2=0,0,125,255,125,0,0,0,0,0&6=0,0,125,255,125,0,0,0,0,0&3=0,0,0,125,255,125,0,0,0,0&5=0,0,0,125,255,125,0,0,0,0&4=0,0,0,0,125,255,125,0,0,0

back to front
4=125,255,125,0,0,0,0,0,0,0&3=0,125,255,125,0,0,0,0,0,0&5=0,125,255,125,0,0,0,0,0,0&2=0,0,125,255,125,0,0,0,0,0&6=0,0,125,255,125,0,0,0,0,0&1=0,0,0,125,255,125,0,0,0,0&7=0,0,0,125,255,125,0,0,0,0&0=0,0,0,0,125,255,125,0,0,0

swell front
0=75,77,79,83,88,97,113,140,182,255,75,77,79,83,88,97,113,140,182,255

pulse all
0=77,88,255,77,88,255,77,88,255&1=77,88,255,77,88,255,77,88,255&2=77,88,255,77,88,255,77,88,255&3=77,88,255,77,88,255,77,88,255&4=77,88,255,77,88,255,77,88,255&5=77,88,255,77,88,255,77,88,255&6=77,88,255,77,88,255,77,88,255&7=77,88,255,77,88,255,77,88,255

swell up/down all
0=75,77,79,83,88,97,113,140,182,255,182,140,113,97,88,83,79,77,75&1=75,77,79,83,88,97,113,140,182,255,182,140,113,97,88,83,79,77,75&2=75,77,79,83,88,97,113,140,182,255,182,140,113,97,88,83,79,77,75&3=75,77,79,83,88,97,113,140,182,255,182,140,113,97,88,83,79,77,75&4=75,77,79,83,88,97,113,140,182,255,182,140,113,97,88,83,79,77,75&5=75,77,79,83,88,97,113,140,182,255,182,140,113,97,88,83,79,77,75&6=75,77,79,83,88,97,113,140,182,255,182,140,113,97,88,83,79,77,75&7=75,77,79,83,88,97,113,140,182,255,182,140,113,97,88,83,79,77,75

swell pulse front
0=77,88,255,0,255,0,255,0,255

slow pulse left
2=88,255,88,0,88,255,88,0,88,255,88

fast pulse left
2=255,0,255,0,255


DRAFT:
0=80,125,255,125,80,0,0,0,0,0,0,0&
1=0,80,125,255,125,80,0,0,0,0,0,0&
2=0,0,80,125,255,125,80,0,0,0,0,0&
3=0,0,0,80,125,255,125,80,0,0,0,0&
4=0,0,0,0,80,125,255,125,80,0,0,0&
5=0,0,0,0,0,80,125,255,125,80,0,0&
6=0,0,0,0,0,0,80,125,255,125,80,0&
7=0,0,0,0,0,0,0,80,125,255,125,80
